-647.824000 16.166667
-646.758500 16.013333
-645.693000 14.794390
-644.627500 14.535321
-643.562000 14.268017
-642.496500 14.007448
-641.431000 13.742252
-640.365500 13.479168
-639.300000 13.233375
-638.234500 12.997585
-637.169000 12.760008
-636.103500 12.538764
-635.038000 12.319458
-633.972500 12.099459
-632.907000 11.889432
-631.841500 11.688877
-630.776000 11.484433
-629.710500 11.297544
-628.645000 11.117198
-627.579500 10.937713
-626.514000 10.760113
-625.448500 10.592185
-624.383000 10.417200
-623.317500 10.249742
-622.252000 10.088104
-621.186500 9.919205
-620.121000 9.751266
-619.055500 9.592556
-617.990000 9.425142
-616.924500 9.257317
-615.859000 9.109026
-614.793500 8.962852
-613.728000 8.808154
-612.662500 8.657197
-611.597000 8.504100
-610.531500 8.349542
-609.466000 8.199127
-608.400500 8.042002
-607.335000 7.883643
-606.269500 7.734467
-605.204000 7.588681
-604.138500 7.433995
-603.073000 7.279342
-602.007500 7.128657
-600.942000 6.969405
-599.876500 6.830289
-598.811000 6.699354
-597.745500 6.565054
-596.680000 6.430673
-595.614500 6.297826
-594.549000 6.163204
-593.483500 6.025075
-592.418000 5.886533
-591.352500 5.747318
-590.287000 5.610468
-589.221500 5.477476
-588.156000 5.346690
-587.090500 5.221573
-586.025000 5.097534
-584.959500 4.966705
-583.894000 4.830878
-582.828500 4.699928
-581.763000 4.567308
-580.697500 4.434720
-579.632000 4.307202
-578.566500 4.183376
-577.501000 4.052053
-576.435500 3.928333
-575.370000 3.801029
-574.304500 3.673777
-573.239000 3.551880
-572.173500 3.437578
-571.108000 3.320154
-570.042500 3.203738
-568.977000 3.090842
-567.911500 2.969155
-566.846000 2.850925
-565.780500 2.743575
-564.715000 2.631737
-563.649500 2.523153
-562.584000 2.415727
-561.518500 2.302420
-560.453000 2.190900
-559.387500 2.087259
-558.322000 1.974648
-557.256500 1.857436
-556.191000 1.751429
-555.125500 1.644660
-554.060000 1.533457
-552.994500 1.435594
-551.929000 1.339511
-550.863500 1.237070
-549.798000 1.138149
-548.732500 1.036135
-547.667000 0.934262
-546.601500 0.839101
-545.536000 0.745896
-544.470500 0.644986
-543.405000 0.547991
-542.339500 0.451729
-541.274000 0.349721
-540.208500 0.251865
-539.143000 0.159936
-538.077500 0.062670
-537.012000 -0.028129
-535.946500 -0.115334
-534.881000 -0.199973
-533.815500 -0.281277
-532.750000 -0.351645
-531.684500 -0.427929
-530.619000 -0.498942
-529.553500 -0.563236
-528.488000 -0.634024
-527.422500 -0.706514
-526.357000 -0.772663
-525.291500 -0.845779
-524.226000 -0.919517
-523.160500 -0.982564
-522.095000 -1.049739
-521.029500 -1.114401
-519.964000 -1.176450
-518.898500 -1.243988
-517.833000 -1.315392
-516.767500 -1.375900
-515.702000 -1.435202
-514.636500 -1.494597
-513.571000 -1.550389
-512.505500 -1.607034
-511.440000 -1.660697
-510.374500 -1.709062
-509.309000 -1.749546
-508.243500 -1.792508
-507.178000 -1.836762
-506.112500 -1.877854
-505.047000 -1.924505
-503.981500 -1.960715
-502.916000 -1.993294
-501.850500 -2.032204
-500.785000 -2.071058
-499.719500 -2.103465
-498.654000 -2.142711
-497.588500 -2.177427
-496.523000 -2.209347
-495.457500 -2.238402
-494.392000 -2.267709
-493.326500 -2.293736
-492.261000 -2.316116
-491.195500 -2.344301
-490.130000 -2.364702
-489.064500 -2.388338
-487.999000 -2.409724
-486.933500 -2.426597
-485.868000 -2.438132
-484.802500 -2.454908
-483.737000 -2.469429
-482.671500 -2.480754
-481.606000 -2.496117
-480.540500 -2.509620
-479.475000 -2.518604
-478.409500 -2.533517
-477.344000 -2.546773
-476.278500 -2.552368
-475.213000 -2.557248
-474.147500 -2.563324
-473.082000 -2.565899
-472.016500 -2.573436
-470.951000 -2.577978
-469.885500 -2.581419
-468.820000 -2.580598
-467.754500 -2.580473
-466.689000 -2.572705
-465.623500 -2.565239
-464.558000 -2.562702
-463.492500 -2.553300
-462.427000 -2.546562
-461.361500 -2.538820
-460.296000 -2.529685
-459.230500 -2.520368
-458.165000 -2.512069
-457.099500 -2.499373
-456.034000 -2.489980
-454.968500 -2.483419
-453.903000 -2.474362
-452.837500 -2.459023
-451.772000 -2.449969
-450.706500 -2.441746
-449.641000 -2.433944
-448.575500 -2.427840
-447.510000 -2.423127
-446.444500 -2.407904
-445.379000 -2.394743
-444.313500 -2.381319
-443.248000 -2.363628
-442.182500 -2.354118
-441.117000 -2.350648
-440.051500 -2.344709
-438.986000 -2.337673
-437.920500 -2.329188
-436.855000 -2.318828
-435.789500 -2.311076
-434.724000 -2.312212
-433.658500 -2.305625
-432.593000 -2.300985
-431.527500 -2.299729
-430.462000 -2.288458
-429.396500 -2.279944
-428.331000 -2.268761
-427.265500 -2.257682
-426.200000 -2.247820
-425.134500 -2.245350
-424.069000 -2.233481
-423.003500 -2.221618
-421.938000 -2.219170
-420.872500 -2.219348
-419.807000 -2.217159
-418.741500 -2.220828
-417.676000 -2.225539
-416.610500 -2.219860
-415.545000 -2.216840
-414.479500 -2.212996
-413.414000 -2.208136
-412.348500 -2.212015
-411.283000 -2.213161
-410.217500 -2.216633
-409.152000 -2.222603
-408.086500 -2.233036
-407.021000 -2.235121
-405.955500 -2.237295
-404.890000 -2.238001
-403.824500 -2.233940
-402.759000 -2.236576
-401.693500 -2.249374
-400.628000 -2.259641
-399.562500 -2.267890
-398.497000 -2.277867
-397.431500 -2.280070
-396.366000 -2.284611
-395.300500 -2.291715
-394.235000 -2.296738
-393.169500 -2.299932
-392.104000 -2.308122
-391.038500 -2.313385
-389.973000 -2.314317
-388.907500 -2.324299
-387.842000 -2.337162
-386.776500 -2.345216
-385.711000 -2.362198
-384.645500 -2.378957
-383.580000 -2.386330
-382.514500 -2.398019
-381.449000 -2.411276
-380.383500 -2.418430
-379.318000 -2.431506
-378.252500 -2.452824
-377.187000 -2.460116
-376.121500 -2.473748
-375.056000 -2.491066
-373.990500 -2.499605
-372.925000 -2.509791
-371.859500 -2.528799
-370.794000 -2.540915
-369.728500 -2.553409
-368.663000 -2.568574
-367.597500 -2.580500
-366.532000 -2.593119
-365.466500 -2.610393
-364.401000 -2.626521
-363.335500 -2.645641
-362.270000 -2.670376
-361.204500 -2.690297
-360.139000 -2.708066
-359.073500 -2.722905
-358.008000 -2.740556
-356.942500 -2.753568
-355.877000 -2.772592
-354.811500 -2.793579
-353.746000 -2.807578
-352.680500 -2.831956
-351.615000 -2.857932
-350.549500 -2.875137
-349.484000 -2.887766
-348.418500 -2.899784
-347.353000 -2.910124
-346.287500 -2.924304
-345.222000 -2.941365
-344.156500 -2.950495
-343.091000 -2.965483
-342.025500 -2.980411
-340.960000 -2.989360
-339.894500 -2.996111
-338.829000 -3.011000
-337.763500 -3.024773
-336.698000 -3.029784
-335.632500 -3.044618
-334.567000 -3.051683
-333.501500 -3.051332
-332.436000 -3.056880
-331.370500 -3.061940
-330.305000 -3.061763
-329.239500 -3.066341
-328.174000 -3.074236
-327.108500 -3.079176
-326.043000 -3.086409
-324.977500 -3.087961
-323.912000 -3.088912
-322.846500 -3.092642
-321.781000 -3.094337
-320.715500 -3.092416
-319.650000 -3.095115
-318.584500 -3.100904
-317.519000 -3.096737
-316.453500 -3.097408
-315.388000 -3.097949
-314.322500 -3.093387
-313.257000 -3.090162
-312.191500 -3.094778
-311.126000 -3.099133
-310.060500 -3.095111
-308.995000 -3.090844
-307.929500 -3.079454
-306.864000 -3.068702
-305.798500 -3.064719
-304.733000 -3.053972
-303.667500 -3.042590
-302.602000 -3.035005
-301.536500 -3.029169
-300.471000 -3.019792
-299.405500 -3.013072
-298.340000 -3.005338
-297.274500 -2.989538
-296.209000 -2.976548
-295.143500 -2.967385
-294.078000 -2.951592
-293.012500 -2.940044
-291.947000 -2.925500
-290.881500 -2.908896
-289.816000 -2.894405
-288.750500 -2.884633
-287.685000 -2.865760
-286.619500 -2.850175
-285.554000 -2.835431
-284.488500 -2.815793
-283.423000 -2.796945
-282.357500 -2.777943
-281.292000 -2.756172
-280.226500 -2.727210
-279.161000 -2.702941
-278.095500 -2.673820
-277.030000 -2.645056
-275.964500 -2.623546
-274.899000 -2.603212
-273.833500 -2.571372
-272.768000 -2.548101
-271.702500 -2.518902
-270.637000 -2.487314
-269.571500 -2.458426
-268.506000 -2.424125
-267.440500 -2.387697
-266.375000 -2.355655
-265.309500 -2.326395
-264.244000 -2.290121
-263.178500 -2.260020
-262.113000 -2.234587
-261.047500 -2.204216
-259.982000 -2.180723
-258.916500 -2.162932
-257.851000 -2.136622
-256.785500 -2.112143
-255.720000 -2.094937
-254.654500 -2.070812
-253.589000 -2.050227
-252.523500 -2.032153
-251.458000 -2.015688
-250.392500 -1.995006
-249.327000 -1.984075
-248.261500 -1.970681
-247.196000 -1.954155
-246.130500 -1.942003
-245.065000 -1.923617
-243.999500 -1.903080
-242.934000 -1.882696
-241.868500 -1.861447
-240.803000 -1.838270
-239.737500 -1.817007
-238.672000 -1.801594
-237.606500 -1.776261
-236.541000 -1.756408
-235.475500 -1.736041
-234.410000 -1.712477
-233.344500 -1.692870
-232.279000 -1.674573
-231.213500 -1.653338
-230.148000 -1.636437
-229.082500 -1.631357
-228.017000 -1.627846
-226.951500 -1.617393
-225.886000 -1.614477
-224.820500 -1.612284
-223.755000 -1.607372
-222.689500 -1.609496
-221.624000 -1.603761
-220.558500 -1.594881
-219.493000 -1.584078
-218.427500 -1.572479
-217.362000 -1.559504
-216.296500 -1.556171
-215.231000 -1.553980
-214.165500 -1.537821
-213.100000 -1.531886
-212.034500 -1.532546
-210.969000 -1.526500
-209.903500 -1.520112
-208.838000 -1.513063
-207.772500 -1.493334
-206.707000 -1.483272
-205.641500 -1.477373
-204.576000 -1.465343
-203.510500 -1.456579
-202.445000 -1.452312
-201.379500 -1.442327
-200.314000 -1.429458
-199.248500 -1.419729
-198.183000 -1.409319
-197.117500 -1.397709
-196.052000 -1.394317
-194.986500 -1.388975
-193.921000 -1.381415
-192.855500 -1.377926
-191.790000 -1.368333
-190.724500 -1.360489
-189.659000 -1.357337
-188.593500 -1.350386
-187.528000 -1.340953
-186.462500 -1.340235
-185.397000 -1.338195
-184.331500 -1.331398
-183.266000 -1.331171
-182.200500 -1.329170
-181.135000 -1.330293
-180.069500 -1.331265
-179.004000 -1.330466
-177.938500 -1.329524
-176.873000 -1.333392
-175.807500 -1.337263
-174.742000 -1.334663
-173.676500 -1.337130
-172.611000 -1.339787
-171.545500 -1.342766
-170.480000 -1.344550
-169.414500 -1.345229
-168.349000 -1.336502
-167.283500 -1.329600
-166.218000 -1.324179
-165.152500 -1.314966
-164.087000 -1.308169
-163.021500 -1.308446
-161.956000 -1.304146
-160.890500 -1.301719
-159.825000 -1.304379
-158.759500 -1.303924
-157.694000 -1.306999
-156.628500 -1.310424
-155.563000 -1.312703
-154.497500 -1.308951
-153.432000 -1.302313
-152.366500 -1.294125
-151.301000 -1.287309
-150.235500 -1.286525
-149.170000 -1.288400
-148.104500 -1.288029
-147.039000 -1.290393
-145.973500 -1.295610
-144.908000 -1.292274
-143.842500 -1.290218
-142.777000 -1.291007
-141.711500 -1.286346
-140.646000 -1.286002
-139.580500 -1.288291
-138.515000 -1.288329
-137.449500 -1.294449
-136.384000 -1.301959
-135.318500 -1.304567
-134.253000 -1.302403
-133.187500 -1.305359
-132.122000 -1.305250
-131.056500 -1.293736
-129.991000 -1.288577
-128.925500 -1.284512
-127.860000 -1.283007
-126.794500 -1.288985
-125.729000 -1.299412
-124.663500 -1.303144
-123.598000 -1.307032
-122.532500 -1.311273
-121.467000 -1.317743
-120.401500 -1.321768
-119.336000 -1.326880
-118.270500 -1.320004
-117.205000 -1.317461
-116.139500 -1.307457
-115.074000 -1.302827
-114.008500 -1.305004
-112.943000 -1.305765
-111.877500 -1.305148
-110.812000 -1.311454
-109.746500 -1.320000
-108.681000 -1.319546
-107.615500 -1.320070
-106.550000 -1.323263
-105.484500 -1.327620
-104.419000 -1.333357
-103.353500 -1.347430
-102.288000 -1.362207
-101.222500 -1.363427
-100.157000 -1.372819
-99.091500 -1.375852
-98.026000 -1.366011
-96.960500 -1.359471
-95.895000 -1.355904
-94.829500 -1.348466
-93.764000 -1.348451
-92.698500 -1.349191
-91.633000 -1.347392
-90.567500 -1.346295
-89.502000 -1.345846
-88.436500 -1.344356
-87.371000 -1.340085
-86.305500 -1.339484
-85.240000 -1.335857
-84.174500 -1.332356
-83.109000 -1.333807
-82.043500 -1.326947
-80.978000 -1.324769
-79.912500 -1.328829
-78.847000 -1.330997
-77.781500 -1.334715
-76.716000 -1.341835
-75.650500 -1.347714
-74.585000 -1.347645
-73.519500 -1.354958
-72.454000 -1.360019
-71.388500 -1.359748
-70.323000 -1.369131
-69.257500 -1.373637
-68.192000 -1.370158
-67.126500 -1.373521
-66.061000 -1.377226
-64.995500 -1.376460
-63.930000 -1.386183
-62.864500 -1.388548
-61.799000 -1.383674
-60.733500 -1.382984
-59.668000 -1.384776
-58.602500 -1.385807
-57.537000 -1.382796
-56.471500 -1.380590
-55.406000 -1.375748
-54.340500 -1.373026
-53.275000 -1.375622
-52.209500 -1.373666
-51.144000 -1.370394
-50.078500 -1.370641
-49.013000 -1.371086
-47.947500 -1.370086
-46.882000 -1.374258
-45.816500 -1.377141
-44.751000 -1.385549
-43.685500 -1.393234
-42.620000 -1.398914
-41.554500 -1.389540
-40.489000 -1.384643
-39.423500 -1.375645
-38.358000 -1.370429
-37.292500 -1.367067
-36.227000 -1.367059
-35.161500 -1.367071
-34.096000 -1.368769
-33.030500 -1.373906
-31.965000 -1.377739
-30.899500 -1.380458
-29.834000 -1.387200
-28.768500 -1.388302
-27.703000 -1.395486
-26.637500 -1.404111
-25.572000 -1.412942
-24.506500 -1.429086
-23.441000 -1.445018
-22.375500 -1.453201
-21.310000 -1.460710
-20.244500 -1.471255
-19.179000 -1.470363
-18.113500 -1.471322
-17.048000 -1.475847
-15.982500 -1.479165
-14.917000 -1.484774
-13.851500 -1.492955
-12.786000 -1.500784
-11.720500 -1.510319
-10.655000 -1.520369
-9.589500 -1.519772
-8.524000 -1.523496
-7.458500 -1.521729
-6.393000 -1.516048
-5.327500 -1.511169
-4.262000 -1.506849
-3.196500 -1.507871
-2.131000 -1.502620
-1.065500 -1.507500
0.000000 -1.517755
1.065500 -1.515565
2.131000 -1.514153
3.196500 -1.518448
4.262000 -1.515333
5.327500 -1.517984
6.393000 -1.526535
7.458500 -1.533079
8.524000 -1.542943
9.589500 -1.556621
10.655000 -1.558131
11.720500 -1.559213
12.786000 -1.564923
13.851500 -1.562213
14.917000 -1.559279
15.982500 -1.564310
17.048000 -1.570889
18.113500 -1.574346
19.179000 -1.578188
20.244500 -1.585938
21.310000 -1.592986
22.375500 -1.601349
23.441000 -1.611447
24.506500 -1.622117
25.572000 -1.628893
26.637500 -1.630447
27.703000 -1.625189
28.768500 -1.622858
29.834000 -1.625003
30.899500 -1.626732
31.965000 -1.634797
33.030500 -1.641269
34.096000 -1.644804
35.161500 -1.648913
36.227000 -1.650468
37.292500 -1.651212
38.358000 -1.656184
39.423500 -1.658965
40.489000 -1.663027
41.554500 -1.665241
42.620000 -1.670717
43.685500 -1.676396
44.751000 -1.687561
45.816500 -1.701437
46.882000 -1.710385
47.947500 -1.714853
49.013000 -1.725063
50.078500 -1.734859
51.144000 -1.739732
52.209500 -1.746592
53.275000 -1.754114
54.340500 -1.746009
55.406000 -1.745204
56.471500 -1.748326
57.537000 -1.748864
58.602500 -1.753512
59.668000 -1.762503
60.733500 -1.771285
61.799000 -1.780299
62.864500 -1.793327
63.930000 -1.804355
64.995500 -1.815600
66.061000 -1.825959
67.126500 -1.830949
68.192000 -1.842487
69.257500 -1.859482
70.323000 -1.871118
71.388500 -1.879644
72.454000 -1.893818
73.519500 -1.904350
74.585000 -1.918432
75.650500 -1.936770
76.716000 -1.958613
77.781500 -1.976720
78.847000 -1.995329
79.912500 -2.018705
80.978000 -2.039683
82.043500 -2.062644
83.109000 -2.088738
84.174500 -2.117603
85.240000 -2.149014
86.305500 -2.187876
87.371000 -2.221131
88.436500 -2.253777
89.502000 -2.292445
90.567500 -2.329068
91.633000 -2.373811
92.698500 -2.427245
93.764000 -2.483708
94.829500 -2.532689
95.895000 -2.584972
96.960500 -2.638170
98.026000 -2.696610
99.091500 -2.744880
100.157000 -2.792061
101.222500 -2.843845
102.288000 -2.899487
103.353500 -2.946771
104.419000 -2.993060
105.484500 -3.047336
106.550000 -3.100645
107.615500 -3.155653
108.681000 -3.213443
109.746500 -3.275239
110.812000 -3.342463
111.877500 -3.410144
112.943000 -3.478333
114.008500 -3.542104
115.074000 -3.606314
116.139500 -3.669173
117.205000 -3.730491
118.270500 -3.795000
119.336000 -3.857592
120.401500 -3.914731
121.467000 -3.974273
122.532500 -4.029195
123.598000 -4.085577
124.663500 -4.142904
125.729000 -4.200710
126.794500 -4.250218
127.860000 -4.307237
128.925500 -4.369618
129.991000 -4.423812
131.056500 -4.477531
132.122000 -4.531794
133.187500 -4.577645
134.253000 -4.620713
135.318500 -4.669816
136.384000 -4.714077
137.449500 -4.755708
138.515000 -4.796791
139.580500 -4.834380
140.646000 -4.867022
141.711500 -4.904681
142.777000 -4.939241
143.842500 -4.970763
144.908000 -4.999157
145.973500 -5.022508
147.039000 -5.046985
148.104500 -5.073811
149.170000 -5.092661
150.235500 -5.109477
151.301000 -5.128434
152.366500 -5.142146
153.432000 -5.154632
154.497500 -5.169850
155.563000 -5.185227
156.628500 -5.198198
157.694000 -5.211079
158.759500 -5.219515
159.825000 -5.223926
160.890500 -5.226200
161.956000 -5.229784
163.021500 -5.221523
164.087000 -5.211006
165.152500 -5.202706
166.218000 -5.194541
167.283500 -5.186103
168.349000 -5.178636
169.414500 -5.170102
170.480000 -5.161739
171.545500 -5.151463
172.611000 -5.142094
173.676500 -5.123163
174.742000 -5.105390
175.807500 -5.082887
176.873000 -5.057861
177.938500 -5.034061
179.004000 -5.005298
180.069500 -4.975133
181.135000 -4.947059
182.200500 -4.923003
183.266000 -4.890098
184.331500 -4.861698
185.397000 -4.834716
186.462500 -4.806137
187.528000 -4.781198
188.593500 -4.761985
189.659000 -4.740871
190.724500 -4.721801
191.790000 -4.707155
192.855500 -4.692866
193.921000 -4.676554
194.986500 -4.665736
196.052000 -4.653205
197.117500 -4.643335
198.183000 -4.640631
199.248500 -4.629958
200.314000 -4.624117
201.379500 -4.621148
202.445000 -4.619237
203.510500 -4.611621
204.576000 -4.614586
205.641500 -4.609947
206.707000 -4.607472
207.772500 -4.602037
208.838000 -4.601704
209.903500 -4.603123
210.969000 -4.613031
212.034500 -4.621924
213.100000 -4.626913
214.165500 -4.636582
215.231000 -4.651413
216.296500 -4.660481
217.362000 -4.670906
218.427500 -4.684877
219.493000 -4.699759
220.558500 -4.709628
221.624000 -4.718312
222.689500 -4.731245
223.755000 -4.750740
224.820500 -4.771105
225.886000 -4.786693
226.951500 -4.794948
228.017000 -4.811284
229.082500 -4.823185
230.148000 -4.829577
231.213500 -4.840783
232.279000 -4.849027
233.344500 -4.858056
234.410000 -4.871654
235.475500 -4.888835
236.541000 -4.903791
237.606500 -4.922270
238.672000 -4.943529
239.737500 -4.963632
240.803000 -4.986916
241.868500 -5.009546
242.934000 -5.030986
243.999500 -5.048975
245.065000 -5.062747
246.130500 -5.069656
247.196000 -5.073382
248.261500 -5.075776
249.327000 -5.078626
250.392500 -5.080407
251.458000 -5.079542
252.523500 -5.075987
253.589000 -5.072898
254.654500 -5.071787
255.720000 -5.070933
256.785500 -5.070291
257.851000 -5.069831
258.916500 -5.064529
259.982000 -5.054121
261.047500 -5.043085
262.113000 -5.022536
263.178500 -5.004781
264.244000 -4.992266
265.309500 -4.979363
266.375000 -4.957095
267.440500 -4.937682
268.506000 -4.920153
269.571500 -4.900299
270.637000 -4.882126
271.702500 -4.863059
272.768000 -4.840479
273.833500 -4.823256
274.899000 -4.808862
275.964500 -4.788245
277.030000 -4.775374
278.095500 -4.769604
279.161000 -4.762315
280.226500 -4.758141
281.292000 -4.755208
282.357500 -4.758369
283.423000 -4.767781
284.488500 -4.775583
285.554000 -4.782163
286.619500 -4.789518
287.685000 -4.799683
288.750500 -4.809832
289.816000 -4.822139
290.881500 -4.843886
291.947000 -4.857828
293.012500 -4.869661
294.078000 -4.886643
295.143500 -4.901291
296.209000 -4.921004
297.274500 -4.938434
298.340000 -4.959452
299.405500 -4.978442
300.471000 -4.998021
301.536500 -5.019168
302.602000 -5.041274
303.667500 -5.065443
304.733000 -5.092884
305.798500 -5.119970
306.864000 -5.149720
307.929500 -5.178624
308.995000 -5.206458
310.060500 -5.239615
311.126000 -5.281420
312.191500 -5.318963
313.257000 -5.360787
314.322500 -5.405650
315.388000 -5.440796
316.453500 -5.479648
317.519000 -5.527483
318.584500 -5.568358
319.650000 -5.612652
320.715500 -5.654244
321.781000 -5.703549
322.846500 -5.746365
323.912000 -5.798165
324.977500 -5.848207
326.043000 -5.900660
327.108500 -5.954812
328.174000 -6.010038
329.239500 -6.055766
330.305000 -6.107615
331.370500 -6.164846
332.436000 -6.220318
333.501500 -6.273473
334.567000 -6.331969
335.632500 -6.388729
336.698000 -6.451593
337.763500 -6.518703
338.829000 -6.586748
339.894500 -6.659131
340.960000 -6.726137
342.025500 -6.782783
343.091000 -6.833568
344.156500 -6.886032
345.222000 -6.939464
346.287500 -6.998202
347.353000 -7.061850
348.418500 -7.123591
349.484000 -7.183179
350.549500 -7.246925
351.615000 -7.313017
352.680500 -7.374760
353.746000 -7.441908
354.811500 -7.512818
355.877000 -7.587702
356.942500 -7.668638
358.008000 -7.753006
359.073500 -7.838358
360.139000 -7.927294
361.204500 -8.010928
362.270000 -8.085108
363.335500 -8.160211
364.401000 -8.234990
365.466500 -8.304853
366.532000 -8.383292
367.597500 -8.467562
368.663000 -8.548543
369.728500 -8.630285
370.794000 -8.716874
371.859500 -8.802640
372.925000 -8.883538
373.990500 -8.970280
375.056000 -9.057203
376.121500 -9.148652
377.187000 -9.239201
378.252500 -9.328376
379.318000 -9.413971
380.383500 -9.500263
381.449000 -9.584903
382.514500 -9.665454
383.580000 -9.754277
384.645500 -9.842482
385.711000 -9.934477
386.776500 -10.028195
387.842000 -10.123324
388.907500 -10.216285
389.973000 -10.313394
391.038500 -10.416173
392.104000 -10.519761
393.169500 -10.629336
394.235000 -10.735378
395.300500 -10.841523
396.366000 -10.948077
397.431500 -11.048701
398.497000 -11.140094
399.562500 -11.235158
400.628000 -11.335314
401.693500 -11.428902
402.759000 -11.530601
403.824500 -11.642164
404.890000 -11.750835
405.955500 -11.858715
407.021000 -11.967864
408.086500 -12.073739
409.152000 -12.181634
410.217500 -12.293612
411.283000 -12.401936
412.348500 -12.515357
413.414000 -12.636213
414.479500 -12.750546
415.545000 -12.865740
416.610500 -12.982554
417.676000 -13.096829
418.741500 -13.212612
419.807000 -13.330693
420.872500 -13.448641
421.938000 -13.565688
423.003500 -13.682687
424.069000 -13.803819
425.134500 -13.916810
426.200000 -14.033974
427.265500 -14.154503
428.331000 -14.272758
429.396500 -14.396317
430.462000 -14.523025
431.527500 -14.645884
432.593000 -14.769371
433.658500 -14.894660
434.724000 -15.016349
435.789500 -15.137189
436.855000 -15.266554
437.920500 -15.390914
438.986000 -15.518153
440.051500 -15.654633
441.117000 -15.783844
442.182500 -15.910582
443.248000 -16.042848
444.313500 -16.167256
445.379000 -16.286695
446.444500 -16.410467
447.510000 -16.533097
448.575500 -16.647381
449.641000 -16.747368
450.706500 -16.838056
451.772000 -16.905648
452.837500 -16.963522
453.903000 -17.009571
454.968500 -17.036100
